4294967278,159
4294967278,158
4294967278,157
4294967278,154
4294967279,153
4294967278,151
4294967278,295
4294967279,552
4294967278,294
4294967278,334
4294967278,145
4294967278,144
4294967279,141
198,5
4294967278,143
198,4
4294967279,142
198,3
198,2
198,1
4294967278,142
4294967279,328
4294967278,137
4294967279,573
4294967278,136
4294967278,276
4294967279,266
4294967278,286
4294967279,523
4294967278,271
4294967278,268
4294967278,267
4294967278,281
4294967278,265
4294967278,264
4294967278,285
4294967278,262
4294967279,255
4294967278,261
4294967278,409
4294967278,347
4294967279,545
4294967279,518
4294967279,516
4294967279,515
4294967279,544
194,5
194,4
4294967279,543
194,3
194,2
194,1
4294967278,219
4294967278,345
4294967279,542
4294967279,222
4294967279,84
4294967279,83
4294967279,82
4294967279,78
4294967279,299
4294967279,73
4294967278,255
4294967278,174
4294967279,569
4294967278,251
4294967279,318
4294967279,247
4294967279,245
4294967279,346
4294967278,238
4294967279,241
4294967278,239
4294967279,235
4294967279,231
4294967278,230
4294967278,231
4294967278,228
4294967278,220
4294967279,221
4294967279,217
4294967279,315
4294967278,393
4294967279,314
4294967278,293
4294967278,208
4294967279,208
4294967278,206
4294967279,206
190,6
4294967279,205
190,5
190,4
190,3
190,2
190,1
4294967294,903
4294967279,80
4294967294,390
4294967278,313
4294967278,199
4294967279,199
4294967294,2
4294967294,470
4294967278,310
4294967279,198
4294967278,197
4294967279,197
4294967279,194
4294967278,191
4294967279,191
4294967278,190
4294967279,190
4294967278,189
4294967279,189
4294967279,345
4294967279,184
187,5
187,4
187,3
187,2
187,1
4294967279,539
4294967279,344
4294967279,178
4294967294,921
4294967278,361
4294967279,170
4294967279,532
4294967294,9
0,7
4294967294,22
4294967294,17
4294967294,76
4294967279,556
4294967279,564
4294967294,41
4294967294,960
4294967294,962
4294967294,917
4294967279,159
4294967278,156
4294967294,93
4294967294,94
4294967294,95
4294967294,96
4294967294,6
0,5
4294967294,27
4294967278,155
4294967279,154
4294967294,67
4294967294,52
4294967279,343
4294967294,91
4294967294,87
4294967294,85
4294967294,970
4294967294,419
4294967294,949
4294967294,29
4294967294,950
4294967294,28
4294967294,920
4294967294,26
4294967294,25
4294967294,946
4294967294,413
4294967294,385
4294967294,179
4294967294,168
4294967294,913
4294967294,406
4294967294,444
4294967294,919
4294967294,386
4294967294,454
4294967294,464
4294967294,111
4294967278,233
4294967279,563
4294967278,389
4294967279,528
4294967294,0
4294967294,1414
4294967294,83
4294967278,150
4294967278,408
4294967279,553
4294967278,149
4294967279,148
4294967278,147
183,6
183,5
183,4
4294967294,8
183,3
183,2
183,1
4294967279,144
4294967278,407
4294967278,292
4294967279,139
4294967278,355
4294967278,138
4294967278,277
4294967279,136
4294967278,134
4294967278,135
4294967278,133
4294967279,271
4294967279,282
4294967278,287
4294967294,437
4294967278,406
4294967279,572
180,5
180,4
180,3
180,2
180,1
4294967278,282
179,4
179,3
179,2
179,1
4294967278,351
4294967279,258
4294967279,327
4294967278,350
4294967278,379
178,5
178,4
178,3
178,2
178,1
4294967278,253
176,6
4294967278,247
176,5
4294967278,240
176,4
176,3
176,2
176,1
4294967278,237
4294967294,918
4294967294,911
4294967279,234
175,5
175,4
175,3
175,2
175,1
4294967279,342
174,5
174,4
174,3
174,2
174,1
4294967278,392
4294967279,341
4294967278,321
173,5
173,4
173,3
173,2
173,1
4294967279,306
4294967278,198
171,4
171,3
171,2
171,1
4294967278,193
4294967279,193
4294967294,11
4294967278,376
4294967294,409
4294967294,414
4294967294,398
4294967294,119
4294967294,411
4294967294,459
4294967294,391
4294967294,112
4294967279,567
4294967279,566
4294967278,374
4294967279,340
4294967278,373
4294967278,386
4294967279,300
4294967278,405
4294967279,339
4294967278,178
4294967278,404
4294967279,177
4294967278,176
4294967278,170
4294967279,169
4294967279,293
4294967294,12
4294967278,403
4294967279,160
4294967278,132
4294967278,130
4294967278,129
4294967278,128
4294967278,127
4294967278,126
4294967278,125
4294967278,124
4294967278,123
4294967278,121
4294967278,118
4294967278,241
4294967278,116
4294967278,115
4294967278,114
4294967278,113
4294967278,112
4294967278,107
4294967278,105
4294967278,104
4294967278,103
4294967278,102
4294967278,100
4294967278,99
4294967278,98
4294967278,97
4294967278,95
4294967278,94
4294967278,93
4294967278,92
4294967278,90
4294967278,89
4294967278,87
4294967278,86
4294967278,82
4294967278,80
4294967278,79
4294967278,74
4294967278,73
4294967278,72
4294967278,70
4294967278,69
4294967278,66
4294967278,64
4294967278,61
4294967278,60
4294967278,59
4294967278,58
4294967278,55
4294967278,53
4294967278,52
4294967278,50
4294967278,49
4294967278,48
4294967278,47
4294967278,46
4294967278,45
4294967278,44
4294967278,43
4294967278,42
4294967278,41
4294967278,40
4294967278,39
4294967278,38
4294967278,37
4294967278,36
4294967278,35
4294967278,34
4294967278,33
4294967278,32
4294967278,31
4294967278,30
4294967278,29
4294967278,291
4294967278,28
4294967278,27
4294967278,26
4294967278,25
4294967278,24
4294967278,23
4294967278,22
4294967278,21
4294967278,20
4294967278,19
4294967278,18
4294967278,17
4294967278,272
4294967278,16
4294967278,13
4294967278,11
4294967278,10
4294967278,9
4294967278,8
4294967278,7
4294967278,4
4294967279,131
4294967279,260
4294967279,130
4294967279,129
4294967279,128
4294967279,127
4294967279,126
4294967279,125
4294967279,124
4294967279,123
4294967279,122
4294967279,121
4294967279,120
4294967279,119
4294967279,118
4294967279,117
4294967279,116
4294967279,115
4294967279,114
4294967279,113
4294967279,112
4294967279,111
4294967279,110
4294967279,109
4294967279,108
4294967279,107
4294967279,106
4294967279,105
4294967279,104
4294967279,103
4294967279,102
4294967279,101
4294967279,100
4294967279,99
4294967279,98
4294967279,97
4294967279,96
4294967279,95
4294967279,94
